1914005780753195400
1913991276430582011
1913989552282255774
1913988783122317456
1913986052303266291
1036932451409555457
1913984995649073306
1913946894704758861
1913946834529128917
1913946622117007470
1913613471033282680
1913520046866903273
1913442488674558072
1913441518012030996
1913434797029953783
1913284214847427010
1913108575662084415
1913092566997717032
1913089749599895601
1913083808900849817
1912940390509924481
1912812421112078564
1912809075416477749
1912719488237068647
1912717071164539144
1912598388731679170
778552654603640832
752912263015763968
1912595804260381058
1912594151448707319
1912563565099381027
1912563145127698515
1912377357094048235
1912372177854210462
1912367797721608283
1912366301328114171
1912366066551992580
1912365909575975182
1912365281298497878
1912362262448271860
1912157909267415121
1912155949873103261
1912096758076785147
1912096208572592230
1912095267010019706
1912093842347540991
1912092009470333015
1912091320438435903
1807871786941374535
1912088330944065682
1912087239254778023
1912083660636832244
1912079682465362175
1912079309507883289
1912076773468082556
1912076502218195010
1912076386979717237
1912076301680202097
1912076213599756544
1912020887802437870
1912020508683514016
1912016857051054146
1912015463602626941
1912014937838285120
1912013895528497441
1911642210161864828
1911639374413902024
1911637359642181853
1911634901343863088
649076968655335424
632408774628802560
1787217515132633140
555964361152667648
1911633551360934277
1911630361576022272
1911624177527771173
1911486079456432540
1911485753714155988
1911484470621765660
1911483544867680573
1911378279430267073
1911302305443442725
1911287134419399014
1911286156588703781
1911115426861375619
1911113926349029585
1911109112735072394
1911108547485565270
1911108048384581686
1911095513656562161
1911094754231624099
1911092906368106645
1911079232043647098
1911054227239039290
1911051189065523278
1911049440191828045
1911049354615349654
1910933926706577573
1910931462158696879
1910930625462252005
1910546778480337109
1910206368759398460
1910205939350642930
1910198911098146835
1910197712416284924
1910187229139407203
1910187004911903011
1910001253859406100
1910001013840355544
1909855152795697519
1909854723110248929
1909854249183293872
1729026668579434695
1909831658041147778
1909830366472417336
1909829719165370391
1909827073138360527
1909822043433902389
1909821649332936974
1909819073807986731
1909811625013424191
1909811582734827877
1909809635105685962
1909808915845427358
1909806646961877029
1909692268501512690
1909518095070216390
1909453090186477582
1909193930454736994
1909193590187733206
1909119054180241619
1909118312207761412
1909116552902857070
1909115863858307337
1909114883599147112
1909113184750874995
1909110261136441820
1909109740979810696
1909099529820905835
1909093019388719315
1909092871870857224
